{"O_T_EE_d": [0.411040052773964, -0.798643436077781, 0.439540082275394, 0.0, -0.633869092073425, 0.0961268791588709, 0.767431002838949, 0.0, -0.655167963447808, -0.594067190423387, -0.466732378279153, 0.0, -0.199684497549472, -0.521513280596378, 0.324080383823181, 1.0]}
{"O_T_EE_d": [0.7103, -0.07768, 0.6996, 0, 0.06101, 0.9969, 0.04874, 0, -0.7013, 0.008062, 0.7129, 0, -0.216, 0.04661, 0.5734, 1]}
{"O_T_EE_d": [-0.49136002966110576, -0.5527251584972751, 0.673097482104635, 0.0, 0.2651610534419744, -0.8310735795119207, -0.4888827274252846, 0.0, 0.8296113168158807, -0.0617381940244844, 0.5549175239705584, 0.0, 0.5922112541365117, -0.49047014417897167, 0.35145946721765736, 1.0]}
{"O_T_EE_d": [0.03296212839410512, 0.6700485357208654, -0.7415850981984838, 0.0, 0.38511742100303353, -0.693207129524912, -0.6092195397521359, 0.0, -0.9222787377640791, -0.2655161677829738, -0.28089694643078755, 0.0, -0.18547822900211863, 0.1370644057178867, 0.8174253395110792, 1.0]}
{"O_T_EE_d": [-0.37363376227830425, -0.922883845058191, -0.09318379803575665, 0.0, -0.09520749598501554, 0.1380850498933682, -0.9858336835918162, 0.0, 0.9226772699021163, -0.3594689521037318, -0.1394586966790599, 0.0, -0.4636079725527965, 0.12369384578222554, 0.46993460324354336, 1.0]}
{"O_T_EE_d": [0.37082651855611587, 0.24459396125941926, 0.8959137722186084, 0.0, -0.47884750430253287, 0.8769302313241156, -0.04121209789696363, 0.0, -0.7957341017945546, -0.4137235351116235, 0.4423121926150746, 0.0, 0.005214643873489314, -0.0352716769046187, 0.04705038969738383, 1.0]}
{"O_T_EE_d": [-0.9842365666320354, -0.10605812596792996, -0.1415275761841268, 0.0, -0.1653495136506742, 0.8357683013905601, 0.5235941985223133, 0.0, 0.06275284248437389, 0.5387420721522581, -0.8401303830080321, 0.0, -0.004140453054028908, 0.6442055167254195, -0.1848257051063437, 1.0]}
{"O_T_EE_d": [0.20124750997643712, 0.9444371433039629, 0.25988059195741015, 0.0, 0.9538724118257426, -0.12861344494863955, -0.2712674026420872, 0.0, -0.22277087261584444, 0.30248481635661206, -0.9267556712465707, 0.0, -0.08465126435751368, 0.1261756075206786, 0.23785299924913625, 1.0]}
{"O_T_EE_d": [-0.4045521097551595, -0.0592179837044929, 0.9125956502737803, 0.0, -0.7280462066629482, 0.6247485706838705, -0.2822019567475615, 0.0, -0.5534313972448083, -0.7785771983781924, -0.29585678073896454, 0.0, -0.19527662055537398, 0.33804566972210104, 0.7539423402959833, 1.0]}
{"O_T_EE_d": [0.05148207673432042, -0.7426480494277075, -0.6677001351327876, 0.0, 0.4656313359221946, 0.6093172194841616, -0.6418099290657653, 0.0, 0.8834800817123349, -0.2778603979002972, 0.37716911922406177, 0.0, 0.4790145552267062, -0.3967599358880615, 0.7312813123331054, 1.0]}
{"O_T_EE_d": [0.7539892497763366, -0.6298433675290258, -0.1865409971063027, 0.0, -0.4894794962754451, -0.3493217546246445, -0.7989894457825438, 0.0, 0.4380753747332229, 0.6937374461031032, -0.5716802619705269, 0.0, -0.26064725458123456, -0.4102149917255902, 0.4320424486139145, 1.0]}
{"O_T_EE_d": [-0.4220471443515594, -0.5080204832970252, 0.7508604374285216, 0.0, 0.3714464352730107, 0.658625724169996, 0.654400260684943, 0.0, -0.826984736054824, 0.5550921941553542, -0.08926870851607249, 0.0, -0.2674063536601148, 0.18128627355250182, 0.4812248553099755, 1.0]}
{"O_T_EE_d": [-0.5487125678022023, -0.5743739107649473, 0.6074612156907585, 0.0, -0.7391193599755831, -0.00624799183429997, -0.6735454953507767, 0.0, 0.3906623729580288, -0.818569223236874, -0.4211025256682544, 0.0, 0.2968732736228983, -0.4728232391832403, 0.19469777569505675, 1.0]}
{"O_T_EE_d": [-0.42986541122043387, -0.4975287875755869, 0.7534459726946942, 0.0, 0.38987341994768754, 0.6503907675811517, 0.6519130048277105, 0.0, -0.814379791408518, 0.5739834100205051, -0.08560724482572472, 0.0, -0.18672510793846192, -0.25568159452427214, -0.17348668919594395, 1.0]}
{"O_T_EE_d": [-0.07819387945094315, 0.8502007064032503, 0.5206193197028186, 0.0, 0.11853308103864169, 0.5264425637427211, -0.8419074389619551, 0.0, -0.9898664687299485, -0.00412139677842668, -0.14194149559835073, 0.0, -0.5487161685054547, 0.09390980834348212, 0.36796713509174356, 1.0]}
{"O_T_EE_d": [0.7570975686691257, 0.6495203627779947, -0.070189528079629, 0.0, 0.5962872250467599, -0.7309203812410875, -0.33195924679456984, 0.0, -0.26691724702861325, 0.20947241971945935, -0.9406787382605929, 0.0, 0.057954989809134334, 0.16827544208880946, 0.46187874145831037, 1.0]}
{"O_T_EE_d": [0.32461227904968176, -0.8667519216006994, 0.378639636979103, 0.0, -0.1593924894282063, -0.444721467667524, -0.8813721407609403, 0.0, 0.932320171724312, 0.2257519049690141, -0.28251579566249124, 0.0, 0.8242042882434223, 0.19263789500857706, 0.017554288290955785, 1.0]}
{"O_T_EE_d": [-0.21341853951507664, 0.38315082541423806, -0.8986923678187326, 0.0, -0.3735553171504926, -0.8819888780311372, -0.28731871511958795, 0.0, -0.9027230760426183, 0.27439217192508286, 0.33136080632203496, 0.0, 0.36513528375770105, -0.40479681127145467, 0.27364588957671704, 1.0]}
{"O_T_EE_d": [0.10695832031059038, -0.6158132333292504, 0.780598475128482, 0.0, 0.17617119636270906, 0.7844176453113666, 0.5946870330655469, 0.0, -0.9785313624450005, 0.0739122410751116, 0.19238854781609435, 0.0, -0.6413128764216083, 0.35217471996623134, 0.59451320491921, 1.0]}
{"O_T_EE_d": [-0.5523098937710792, -0.32354322013001413, 0.7682926304153127, 0.0, -0.6072046248352735, -0.4753335079177582, -0.6366793540152322, 0.0, 0.5711885195110579, -0.8181551447974275, 0.06607445966684995, 0.0, 0.06825896282549546, 0.07691516668022669, 0.8276067821775794, 1.0]}
{"O_T_EE_d": [-0.464903043592609, -0.8304471400129922, -0.3069571756818373, 0.0, 0.8474945391495282, -0.31710582516566527, -0.42567229385729516, 0.0, 0.25616043053144977, -0.4580408751304233, 0.851222879473818, 0.0, 0.1549966503580919, -0.4206461585014019, 1.0439699078977653, 1.0]}
{"O_T_EE_d": [0.9049779352565407, 0.376585761165311, 0.1979851034455673, 0.0, -0.4215446787528583, 0.7306797814373166, 0.5370355116878816, 0.0, 0.05757621482833144, -0.5694648553565519, 0.8199968036521746, 0.0, -0.008516684904117802, 0.12908766342451392, 0.41770964929785537, 1.0]}
{"O_T_EE_d": [0.19085778035306408, 0.3641569696837324, -0.9115717246105559, 0.0, 0.9694115901529402, -0.2159144793888232, 0.11671378010929798, 0.0, -0.1543193978599244, -0.9059639281014531, -0.39422694532862107, 0.0, -0.05635751043532354, -0.20874197994376298, 0.14419952547693568, 1.0]}
{"O_T_EE_d": [-0.775982645053951, -0.23191623001954284, -0.5865712205935413, 0.0, 0.5801267463230472, -0.6274564988251343, -0.5193758757227173, 0.0, -0.2475962293244977, -0.7433123195101956, 0.6214361615553635, 0.0, 0.1418099699837786, 0.1972038017357044, 0.0010407795991159707, 1.0]}
{"O_T_EE_d": [-0.14244568647989392, 0.8278467348202698, -0.54256705581033, 0.0, 0.7929817066531932, 0.4234985543968073, 0.4379828619217921, 0.0, 0.5923590459481991, -0.36785698045739573, -0.7167928589293469, 0.0, 0.21886665969146926, -0.5022374171068779, 0.3539201140404206, 1.0]}
{"O_T_EE_d": [0.5998541207395415, 0.2194696968023458, -0.7694206170991768, 0.0, -0.7944894234787775, 0.04960620517569302, -0.6052485277870795, 0.0, -0.09466567388526638, 0.9743573659564303, 0.20412283947244864, 0.0, -0.005941949827160958, 0.7815077296930807, 0.33991254016643235, 1.0]}
{"O_T_EE_d": [0.38100518032069763, 0.5592821428021816, -0.7362326652026469, 0.0, -0.3926844289419189, -0.6230189500817018, -0.6764956223846926, 0.0, -0.8370388233740126, 0.5468554402963308, -0.01775205855540317, 0.0, -0.32061563510117025, -0.2598382510136835, 0.13911136235527027, 1.0]}
{"O_T_EE_d": [0.7354658660385969, 0.6481161556089045, 0.19757380578110859, 0.0, 0.6775613318128346, -0.7031695988064044, -0.21555314181532684, 0.0, -0.0007755798570140443, 0.29240034909892804, -0.9562956835219484, 0.0, 0.14146700040242868, 0.048568523803310275, -0.5473925257393453, 1.0]}
{"O_T_EE_d": [0.7433386188903667, 0.2522867232178795, 0.6195152193079256, 0.0, -0.6198392919508583, -0.08841328311199416, 0.7797322255256718, 0.0, 0.25148946264211697, -0.9636049505151701, 0.0906562161279398, 0.0, 0.23117762219875163, -0.21544176558158923, 0.47685386109079997, 1.0]}
{"O_T_EE_d": [-0.3933044823650294, -0.5214936406592783, -0.7572027251030651, 0.0, -0.7715613756107904, -0.2606768535589136, 0.580293565089438, 0.0, -0.5000046277957447, 0.8124604364340187, -0.2998389758058187, 0.0, -0.5919665227835732, 0.32823252743516373, 0.15410482553669538, 1.0]}
{"O_T_EE_d": [-0.20761537678294056, -0.9708000432430434, 0.12017957964056374, 0.0, -0.9750110641341414, 0.21529710159343632, 0.05477757626506435, 0.0, -0.07905238857420446, -0.10580375269701216, -0.9912397720914665, 0.0, 0.2274188606439173, -0.48623090263033125, -0.06969702900392163, 1.0]}
{"O_T_EE_d": [0.9562110312474836, -0.25122373454227365, -0.15015691433715986, 0.0, 0.12835394670663322, 0.8210275615438668, -0.5562724220650911, 0.0, 0.2630318005212576, 0.5126405937769316, 0.8173211691413481, 0.0, 0.22290459424749698, 0.15381666918033823, 1.2007145699152006, 1.0]}
{"O_T_EE_d": [0.20225911590927728, 0.7755818240097498, 0.5979666247352833, 0.0, 0.9479392328943552, -0.0016874999529690358, -0.3184467978855656, 0.0, -0.24597247970303324, 0.6312447913524659, -0.7355457515471915, 0.0, -0.04447925402104852, 0.3091415255695828, 0.2068743543969943, 1.0]}
{"O_T_EE_d": [0.9705831574277224, -0.153848529049692, 0.18519979650874166, 0.0, -0.21848975781169416, -0.23966945042716822, 0.9459496711048249, 0.0, -0.10114623200604354, -0.9585870772346063, -0.2662334597863206, 0.0, 0.09463161267975674, -0.09777831028637755, 0.43605879810402304, 1.0]}
{"O_T_EE_d": [0.948491140344416, -0.3167620554350283, 0.005133899563274326, 0.0, -0.31177466748268867, -0.9361880635527424, -0.162322106866025, 0.0, 0.056223779704042444, 0.15236046041523485, -0.98672446848036, 0.0, 0.26026425716162793, 0.18663085377354988, 0.1994119958346467, 1.0]}
{"O_T_EE_d": [0.307459033270796, 0.7494375967842563, 0.5863550386808544, 0.0, -0.38267313489116367, -0.466796979191368, 0.7972840472820103, 0.0, 0.8712234011393155, -0.46951450323078664, 0.1432686866108253, 0.0, -0.2853557927260112, -0.008393083412731199, 0.6358660701434621, 1.0]}
{"O_T_EE_d": [0.5022065331343644, -0.5777092311620919, -0.6434598995331934, 0.0, -0.13869389434954033, -0.7882792711328996, 0.5994829391837129, 0.0, -0.8535529284978882, -0.21182028923662904, -0.4760037429688866, 0.0, 0.02001727795608972, -0.011201247406121464, 0.20908013211240525, 1.0]}
{"O_T_EE_d": [0.2642528929567765, 0.7027562556214537, -0.6605331587050637, 0.0, -0.25687044110056434, -0.6088569411916018, -0.75054033978968, 0.0, -0.9296171174482406, 0.36800389990830357, 0.019625101260969047, 0.0, 0.04944212163087583, -0.2062418185731379, 0.695635800615952, 1.0]}
{"O_T_EE_d": [-0.3931929878018162, -0.0562881128701499, 0.9177314000801094, 0.0, 0.6675155847444955, 0.668940466328631, 0.32701926033683054, 0.0, -0.6323149677705684, 0.7411816922034372, -0.2254495080406126, 0.0, 0.18910229666235298, 0.4054002972453986, 0.33145277514435884, 1.0]}
{"O_T_EE_d": [0.9944903175962873, -0.09291482761870444, 0.04853702726601196, 0.0, -0.07272593831970435, -0.9449929441971106, -0.3189032350309344, 0.0, 0.0754979874086305, 0.3136162786372277, -0.946543651223219, 0.0, -0.2252126017510111, 0.03922223772620028, 0.1606124259090012, 1.0]}
{"O_T_EE_d": [-0.38338785973422435, 0.8260973112504749, -0.413009662542109, 0.0, -0.09782625691769432, 0.4083423508233544, 0.907571786682205, 0.0, 0.9183919492601642, 0.3883551942085912, -0.07573949211160237, 0.0, 0.23319207332922345, -0.2647680952174864, 0.1606430790327626, 1.0]}
{"O_T_EE_d": [0.6097764927721627, 0.7043666471882446, 0.3633734376523302, 0.0, -0.7084703374770495, 0.6899396610432276, -0.14850267686042623, 0.0, -0.3553060790046187, -0.16688586054051338, 0.9197318629763872, 0.0, 0.10946006130613677, -0.08848313215502615, -0.041410249878280805, 1.0]}
{"O_T_EE_d": [-0.7301044644857286, 0.25825361778984063, -0.6326551508021305, 0.0, -0.6654522178444986, -0.47913167676670404, 0.5723689213126136, 0.0, -0.15530877857946582, 0.8388908780152431, 0.5216716190085184, 0.0, 0.12307956468002104, 0.24473024132956095, 0.5168450038719766, 1.0]}
{"O_T_EE_d": [0.8378162995579573, -0.04792900782061847, 0.5438443328787588, 0.0, 0.3959292283147822, 0.7392111929468644, -0.5447998333224182, 0.0, -0.3759041026127172, 0.6717660473940348, 0.6382996813468758, 0.0, -0.06405557750469942, -0.08871650519911176, 0.5763415317804903, 1.0]}
{"O_T_EE_d": [0.029744454716907592, -0.8325107954333811, -0.5532097639236612, 0.0, 0.2952741206350658, -0.5214369457374682, 0.8005727357980467, 0.0, -0.9549494547340096, -0.1871611260568271, 0.23030903542058, 0.0, -0.5122775323076114, -0.149513741801558, 0.38356137901694665, 1.0]}
{"O_T_EE_d": [-0.15099137704059354, -0.7856000873578158, 0.600028421662489, 0.0, -0.9717771014287029, 0.006669112773472252, -0.23580667521010362, 0.0, 0.1812480874332577, -0.6186986549833504, -0.7644351542960197, 0.0, -0.21613635260721364, 0.27747983768839857, 0.6229818313867663, 1.0]}
{"O_T_EE_d": [-0.6251178732463534, 0.7744864263319358, -0.09694544845191752, 0.0, 0.0020712159043711673, -0.12255817784306722, -0.992459169491856, 0.0, -0.7805276129725545, -0.620604760271281, 0.07500917887826819, 0.0, -0.12939787275105788, -0.6875877164978331, 0.542133991536927, 1.0]}
{"O_T_EE_d": [-0.4343043434966058, -0.8880077713386653, 0.15106930615488628, 0.0, 0.8703246641781753, -0.3704513386359235, 0.32450082376782724, 0.0, -0.2321954266197516, 0.2724114603774753, 0.9337436908016474, 0.0, 0.009943481793521336, 0.4569937509658535, 0.0263536820447431, 1.0]}
{"O_T_EE_d": [0.9143757329675429, 0.3418175030436241, -0.21697422329182514, 0.0, -0.3989234145101342, 0.8521380183186715, -0.3387047491422327, 0.0, 0.06911677304131365, 0.39625950127277604, 0.9155333305431356, 0.0, -0.7146882840800511, 0.12939436138411475, 0.5523216622310647, 1.0]}
{"O_T_EE_d": [0.5780158377428204, 0.023963554994501462, 0.8156736107969236, 0.0, -0.5623075883700741, -0.7126753754694881, 0.4194090905796577, 0.0, 0.5913610296425501, -0.7010845578326836, -0.39846276537294356, 0.0, -0.3649573084916114, 0.138499547622298, 0.4384142449824892, 1.0]}
{"O_T_EE_d": [-0.5902820409288231, 0.005299999002174418, 0.8071796715524251, 0.0, -0.08691863258787096, -0.9945815604093886, -0.0570321926869416, 0.0, 0.8025037466990158, -0.10382403240195737, 0.5875443020146134, 0.0, 0.3533359218259507, 0.25393407399720963, 0.30826212422876803, 1.0]}
{"O_T_EE_d": [0.8945093538446397, -0.23811470403968507, 0.3783575076624472, 0.0, 0.44196653579553724, 0.3437708646744669, -0.8285452153249463, 0.0, 0.0672205111654011, 0.9083628021451906, 0.4127449848969694, 0.0, -0.27837740952555406, 0.5304826862108905, 0.7414641350297817, 1.0]}
{"O_T_EE_d": [-0.15141361951557242, 0.6706188000149058, -0.7261847842607015, 0.0, 0.9759505056862374, 0.21798123109897347, -0.002189369624784497, 0.0, 0.15682642084792803, -0.7090519078002289, -0.6874960841844008, 0.0, -0.019337097675087844, -0.16498206410479793, 0.21231944205553924, 1.0]}
{"O_T_EE_d": [-0.6425060000393968, 0.03125431600149583, 0.765643002739954, 0.0, -0.7182175993906436, 0.323731890716103, -0.615923000754898, 0.0, -0.2671133089887429, -0.9456325029654257, -0.18555228238000354, 0.0, -0.3280452430558348, -0.1632182224806617, 0.3071052174616432, 1.0]}
{"O_T_EE_d": [-0.47163701964850896, -0.8083722862385981, 0.3522680350790491, 0.0, -0.5932326677919475, 0.5864467114831764, 0.5515027257004423, 0.0, -0.6524059499740335, 0.05113219564961404, -0.7561428271209936, 0.0, 0.0984550561666413, -0.16981936882134388, 0.1698397337293901, 1.0]}
{"O_T_EE_d": [0.8976812512809266, 0.4382077538900219, -0.04628537057615639, 0.0, -0.41332887950018443, 0.8009657104825334, -0.43314335733372683, 0.0, -0.15273378300111726, 0.4079557513528548, 0.9001358211227322, 0.0, 0.08459062842339668, 0.2033812548915139, 0.18778259968806565, 1.0]}
{"O_T_EE_d": [0.45341293915523384, 0.8899976586321766, -0.04817545262741087, 0.0, -0.12151086421114464, 0.008177261289100792, -0.9925564176793532, 0.0, -0.8829789445311101, 0.4558917634999051, 0.11185206072162264, 0.0, -0.24801497104065406, -0.3914588069518976, 0.8579836486580101, 1.0]}
{"O_T_EE_d": [-0.05732587278836797, -0.009817046433466621, 0.9983072522567265, 0.0, 0.041325386697006784, -0.9991179511410382, -0.007451987793659574, 0.0, 0.997499852994172, 0.04082824153765567, 0.057681001807771484, 0.0, 0.08059708350928212, -0.4047902734878028, 0.8200280763330331, 1.0]}
{"O_T_EE_d": [-0.3107075662224085, -0.39230923336277274, 0.8657680253453932, 0.0, 0.9422930597292074, -0.2466089872354375, 0.22642393204094044, 0.0, 0.12467797671728605, 0.8861588304773732, 0.44629354609792243, 0.0, 0.04464722181142973, -0.06234253222162524, 0.5114092385693343, 1.0]}
{"O_T_EE_d": [-0.4860936104530916, 0.8664004410000525, 0.11429469677807809, 0.0, -0.8633299702714198, -0.4557995172575864, -0.21658292291614545, 0.0, -0.13555207231107855, -0.2039536121343918, 0.9695506999582365, 0.0, 0.08880910308438225, 0.4760531861806016, 1.0060662509939753, 1.0]}
{"O_T_EE_d": [-0.7489077482360033, 0.6534922550504705, 0.10993205729508654, 0.0, -0.21277039091071784, -0.08001829094535134, -0.9738202266670606, 0.0, -0.6275874005935586, -0.7526917999441975, 0.19897012065379158, 0.0, 0.19730912063312744, -0.2624258546903846, 0.4138124343450131, 1.0]}
{"O_T_EE_d": [0.16745862563104993, -0.8624796948246446, 0.4775839033268899, 0.0, 0.9498520556790482, 0.2709043701107723, 0.1561790465368911, 0.0, -0.2640808229009568, 0.4274805238488345, 0.864593384606822, 0.0, 0.03334376885532324, 0.345395324408567, 0.2834548859998627, 1.0]}
{"O_T_EE_d": [0.9685826387639358, 0.23529347542359874, 0.08052733888671312, 0.0, 0.045548508880486574, 0.15048557655071687, -0.9875623649111802, 0.0, -0.24448518405796182, 0.9602036615600269, 0.13504044987655325, 0.0, 0.6075259685995087, 0.5014830424111997, 0.1396887038988822, 1.0]}
{"O_T_EE_d": [0.31763382739031576, -0.7448660919298405, -0.586756556666004, 0.0, 0.8368132330735224, -0.07081013588470916, 0.5428899866538597, 0.0, -0.4459286542154675, -0.663445875523509, 0.6008221081155608, 0.0, -0.3873684299817973, 0.10015246221707849, 0.6134341779895539, 1.0]}
{"O_T_EE_d": [-0.752430798692504, 0.03828743147737685, 0.6575575760112765, 0.0, 0.5250246528024711, -0.5679677682024118, 0.633846770310314, 0.0, 0.39773987369712505, 0.822159769676209, 0.4072545960420314, 0.0, -0.06450017302071603, 0.39796924092305375, 0.3876958149305496, 1.0]}
{"O_T_EE_d": [-0.8178429606169298, 0.1259973492903614, -0.5614780135865854, 0.0, 0.26349104450740923, 0.9494310183488572, -0.17074311365746556, 0.0, 0.5115714624895816, -0.2875854818464493, -0.8096846481176583, 0.0, -0.15793657175454368, 0.19856579932300342, 0.14708386908758195, 1.0]}
{"O_T_EE_d": [-0.0943072847175391, 0.8903936985991248, 0.44531471741250156, 0.0, 0.8959631706929531, 0.27091067398341084, -0.35193380554258274, 0.0, -0.43400015300807826, 0.3657956645681099, -0.8233088114262712, 0.0, -0.38474406553818147, 0.40866131159778535, -0.020854767236250904, 1.0]}
{"O_T_EE_d": [-0.5514929692953577, -0.7791466071494151, 0.2979699135573, 0.0, -0.6470489959760469, 0.1741126558632149, -0.7423020812813657, 0.0, 0.5264818150935313, -0.6021755123183048, -0.6001679354480778, 0.0, 0.06470575639582613, -0.059198450238628075, 0.20222068515196626, 1.0]}
{"O_T_EE_d": [-0.8638847770979988, -0.24382826816869743, -0.44073900161001683, 0.0, 0.32386085360779965, -0.9390546426002724, -0.11528454237798787, 0.0, -0.3857683753222496, -0.24233067047472223, 0.8902014416684031, 0.0, -0.4937718277868553, -0.12750019159315842, 0.31563534002955707, 1.0]}
{"O_T_EE_d": [-0.052679961632546866, -0.7097781229949566, -0.702452729911522, 0.0, -0.8442466029538601, 0.40735771440627455, -0.3482920698416249, 0.0, 0.5333596301214226, 0.5746953180872906, -0.6206873579551037, 0.0, 0.405190404070917, -0.2983717397231211, 0.3621651988246285, 1.0]}
{"O_T_EE_d": [0.19547270469583325, -0.7605227606085958, 0.619189431688862, 0.0, -0.5949032756166979, -0.59389310361353, -0.5416466321697314, 0.0, 0.7796669252824686, -0.26248068895933885, -0.5685273727306469, 0.0, 0.3087717923248264, -0.32782902045681256, 0.1523132530210892, 1.0]}
{"O_T_EE_d": [-0.5189862912036814, 0.3748387497776224, 0.7682116513095835, 0.0, -0.47954664308833855, 0.6162871983675873, -0.6246800030663187, 0.0, -0.707593277699381, -0.6925936765473528, -0.14009194324181312, 0.0, -0.41043032030432386, -0.2537291402634665, 0.6180155616336052, 1.0]}
{"O_T_EE_d": [0.006012775160533843, 0.9914016331902958, 0.13071590661615373, 0.0, 0.7209725999416208, 0.08628329906008488, -0.6875708708465824, 0.0, -0.6929374839538477, 0.09837679610010741, -0.714254610990219, 0.0, -0.2320842910362318, 0.1248171580340825, 0.2542279078592886, 1.0]}
{"O_T_EE_d": [-0.4128822875357116, 0.39586315684152945, -0.8202564097248719, 0.0, 0.5131568986628382, -0.642941897939357, -0.5685909894017624, 0.0, -0.7524614368816619, -0.6556813836991229, 0.06231941171407377, 0.0, 0.04655431082580881, 0.5551316117658797, 0.11782996418309666, 1.0]}
{"O_T_EE_d": [-0.6336432282218489, -0.7675218744220255, -0.09698675998451754, 0.0, 0.5566469269927024, -0.3652662869022659, -0.7461398919252425, 0.0, 0.5372526947332837, -0.5267738717289727, 0.658687201990059, 0.0, 0.5535597705417106, 0.054618659639457404, 0.32988613429529556, 1.0]}
{"O_T_EE_d": [-0.795152400212443, -0.4739256924779872, 0.37832142213421005, 0.0, 0.03209327438618114, -0.6558851163367622, -0.7541781857804462, 0.0, 0.6055598089169758, -0.587545021404464, 0.5367384518061509, 0.0, 0.12411412109438358, -0.5122450839942616, 0.31698332649739436, 1.0]}
{"O_T_EE_d": [0.5359893035910037, 0.0416137860017678, -0.8431985289661207, 0.0, 0.6174555199412963, 0.6618096545961465, 0.42515486822727644, 0.0, 0.5757292309150668, -0.7485160478559754, 0.3290282340043439, 0.0, 0.20828190483820322, -0.20721130419092237, 0.20104022794673188, 1.0]}
{"O_T_EE_d": [0.11771855647392016, -0.9430215850702287, 0.3112115543377686, 0.0, -0.7757146175504288, -0.2829879806302614, -0.5640785715992043, 0.0, 0.6200073980044822, -0.1750088366638675, -0.7648285647838156, 0.0, 0.23261318546512516, -0.03988286804422857, -0.04107745943707654, 1.0]}
{"O_T_EE_d": [0.45577886401068374, 0.7902153077999885, 0.4096649782928734, 0.0, -0.5200597267562529, 0.6099367989285476, -0.5979255655338785, 0.0, -0.7223596803029239, 0.05947157834937862, 0.6889554583870363, 0.0, -0.08209638502600362, 0.3210665616180418, 0.526264759045182, 1.0]}
{"O_T_EE_d": [0.1323636115023003, 0.20208390965133172, 0.970382382264899, 0.0, 0.7090695559451342, 0.6647709602600413, -0.23515938260403843, 0.0, -0.6926039555054806, 0.7191951500496755, -0.0553000629582551, 0.0, -0.3535095665842144, 0.5243281726616081, 0.7521127478280721, 1.0]}
{"O_T_EE_d": [0.10849185982749418, 0.9918395617263349, -0.06696118387307116, 0.0, -0.9873014582532026, 0.11536820703901766, 0.10920626051514744, 0.0, 0.1160402812917619, 0.054262884176149856, 0.9917611569922541, 0.0, -0.06622118361048587, -0.10572663564591099, 0.9922810042017551, 1.0]}
{"O_T_EE_d": [-0.3281378453555776, -0.9194962501904327, -0.21645369096213685, 0.0, -0.8124829862563641, 0.15783639894323448, 0.5612121418969594, 0.0, -0.4818681889161599, 0.360019884248586, -0.7988671550741681, 0.0, -0.25604800704174147, 0.03918411994623802, 0.23314633994684847, 1.0]}
{"O_T_EE_d": [0.915066038583466, -0.3854458017567692, -0.11868310300646992, 0.0, -0.3446793756738649, -0.9002173426472864, 0.2660918337381542, 0.0, -0.20940456780175032, -0.202583982350876, -0.956613535906022, 0.0, -0.1098369866791777, -0.11875619586534618, -0.5469377800964413, 1.0]}
{"O_T_EE_d": [-0.8322392138724443, 0.5540033514016092, -0.02140508184430096, 0.0, 0.23027368142203203, 0.31028729506675184, -0.9223317332524686, 0.0, -0.5043331463797721, -0.7725296636090705, -0.3858056457683529, 0.0, -0.04199307798030827, -0.24055331312593803, 0.16812018673072224, 1.0]}
{"O_T_EE_d": [-0.871079535549666, 0.4909752362138465, 0.01279688131288858, 0.0, -0.4036816069305617, -0.7305595542565341, 0.5507484887954336, 0.0, 0.27975275328857463, 0.47457987221252007, 0.8345731495310703, 0.0, -0.025309520661089203, 0.018449894206503264, 0.6597451919053304, 1.0]}
{"O_T_EE_d": [-0.8121825517833166, -0.12926633029362905, 0.5689022046284923, 0.0, 0.5496967412187181, 0.15709634866930078, 0.8204597674037987, 0.0, -0.19543028238290502, 0.9790867954819898, -0.056533632826364, 0.0, 0.17412211858887966, 0.07434382452076782, -0.21632620190261412, 1.0]}
{"O_T_EE_d": [0.9842615210627885, 0.13042400828322226, -0.11924276170277238, 0.0, 0.16300984404723648, -0.4094992551312207, 0.8976291833439192, 0.0, 0.06824257394663431, -0.9029396093373652, -0.4243147569797977, 0.0, 0.26739630117148355, -0.3943395235179764, 0.09874697904131063, 1.0]}
{"O_T_EE_d": [-0.422938140709292, -0.7009019647546441, -0.5743341927279335, 0.0, -0.4612789823983175, 0.7120746789025904, -0.5293121499298361, 0.0, 0.7799647617238484, 0.0410619954319373, -0.6244748858042313, 0.0, 0.02796775602750326, -0.09198905254043396, 0.12081827635167817, 1.0]}
{"O_T_EE_d": [-0.6980696485672595, -0.6637788607029592, 0.26850770907566957, 0.0, -0.7157115198843611, 0.6580224040016507, -0.23401610230218375, 0.0, -0.02134914644665735, -0.3555335988563805, -0.93441964557164, 0.0, -0.4752867439620689, 0.3590200747915569, -0.24401959010776403, 1.0]}
{"O_T_EE_d": [0.41302107410249733, 0.9105937549664022, -0.015251418406410425, 0.0, 0.5291281465172275, -0.25356119608109134, -0.8097716495439747, 0.0, -0.7412401749166478, 0.32638280171926054, -0.5865469033516613, 0.0, 0.19845507601208337, 0.38603905360540247, 0.22939298812302342, 1.0]}
{"O_T_EE_d": [0.40708860715015593, -0.32583151770606245, -0.8532951939381296, 0.0, -0.9047038640891142, -0.015317585308249166, -0.42576553392982647, 0.0, 0.12565740818102109, 0.9453037573445314, -0.30101664757873403, 0.0, 0.13773203524606198, 0.34697111760433075, 0.6593622927719696, 1.0]}
{"O_T_EE_d": [-0.7620289375255274, 0.5023395452102033, -0.408615809400129, 0.0, 0.014379565042144089, -0.6177420448333614, -0.786249320606572, 0.0, -0.6473832917854112, -0.6050204520205114, 0.46351388992562165, 0.0, -0.10392572528619422, -0.18490184574526206, 0.5085653475404142, 1.0]}
{"O_T_EE_d": [-0.5920012891611895, 0.05158520253835784, 0.8042844276190894, 0.0, 0.6540463413927159, 0.613855900431876, 0.44204560490493916, 0.0, -0.47091172945924, 0.787730855295162, -0.39714259740508867, 0.0, 0.2835483082341325, 0.14994348107800765, 0.014935873194865036, 1.0]}
{"O_T_EE_d": [0.10893431442989185, 0.939110021408464, 0.3258921337342837, 0.0, -0.9938753290264093, 0.10902293933305436, 0.01805073549272306, 0.0, -0.018578091730222835, -0.3258624961381348, 0.945234620672713, 0.0, 0.1721293356464513, -0.07416269483197441, 0.5659717226782166, 1.0]}
{"O_T_EE_d": [-0.15283722102843725, -0.9356057184938553, -0.31824946722642194, 0.0, 0.02093375225051391, -0.3250256802333103, 0.9454734714446449, 0.0, -0.9880296361370031, 0.13784138243093305, 0.06926176004485107, 0.0, -0.26226440213525143, 0.48607868034190405, 0.4274203260028099, 1.0]}
{"O_T_EE_d": [-0.593993790559787, -0.7962423001657761, -0.11475877397014234, 0.0, 0.09196973546067944, -0.20892911035333134, 0.9735965255721993, 0.0, -0.7991951855058367, 0.5677559566166435, 0.19733278792590866, 0.0, -0.38809931019159827, 0.31100423620505296, 0.604480330845638, 1.0]}
{"O_T_EE_d": [-0.33413384786836803, -0.9411538010336276, -0.05083398969816654, 0.0, 0.33771696968312315, -0.06919673198590212, -0.9387007300894782, 0.0, 0.8799442141958356, -0.3308191878994116, 0.3409645800091954, 0.0, 0.8256398643512354, -0.18305058201791102, 0.3580809028696019, 1.0]}
{"O_T_EE_d": [-0.8620660950621615, 0.1637214164743309, 0.479622086159421, 0.0, 0.3975269409126204, 0.8054539965629098, 0.4395636366551377, 0.0, -0.31434754491315875, 0.5695956084877012, -0.7594382554221211, 0.0, 0.3314864745756347, 0.48156554321551026, 0.11626326931490795, 1.0]}
{"O_T_EE_d": [-0.5310825747906592, 0.2850198213480858, -0.797944233761, 0.0, -0.616816361870601, -0.7757113649171602, 0.13345206655227473, 0.0, -0.5809379265312606, 0.5630591263598008, 0.5877716782395166, 0.0, 0.08641404027523528, 0.18913380731073576, -0.12170801886007125, 1.0]}
{"O_T_EE_d": [-0.15018559541325238, -0.5981609706139328, 0.7871770704006595, 0.0, -0.14454857174260338, 0.8009369835910933, 0.5810384313650641, 0.0, -0.9780337403881016, -0.026521718462397797, -0.20675251174353587, 0.0, -0.5896231220552292, 0.09613447120756431, -0.07883400598156737, 1.0]}
{"O_T_EE_d": [-0.9522658493131996, 0.2860085422640138, 0.10671862997539014, 0.0, -0.10725209076531238, 0.013846677630311508, -0.9941354326977143, 0.0, -0.2858089243852955, -0.9581270183387043, 0.017489295900759975, 0.0, -0.04537396040856557, -0.12211914859247519, 0.3097603520714673, 1.0]}
{"O_T_EE_d": [-0.981993008135473, 0.1878540953295078, -0.020014265936499392, 0.0, 0.17830577146145524, 0.8866119177874581, -0.4267626496083989, 0.0, -0.06242422475754145, -0.4226465971768587, -0.9041421735867883, 0.0, -0.7018526587729975, -0.23798509742649998, 0.31066978453759775, 1.0]}
{"O_T_EE_d": [-0.9507807166250751, -0.21658986674490652, 0.22159616088130343, 0.0, 0.05029705494616571, 0.597780711716267, 0.800080262826009, 0.0, -0.30575518827593307, 0.7718465199269974, -0.5574645410417884, 0.0, -0.2869183985581181, 0.08319484878087352, -0.5252454901967248, 1.0]}
{"O_T_EE_d": [0.7351751065262178, -0.3915078478014796, 0.5533888035134232, 0.0, -0.6121404326779788, -0.03272913714138887, 0.7900714488340893, 0.0, -0.2912072344997312, -0.9195925231817806, -0.2637194302344537, 0.0, 0.13186732643392446, -0.2762793020524261, -0.17594907358403358, 1.0]}
{"O_T_EE_d": [0.09031657700949614, 0.9406364902284821, -0.32717871136113175, 0.0, 0.5495376469610909, 0.2269106822699991, 0.8040646223060876, 0.0, 0.8305728688620616, -0.25241738355827736, -0.49642136737638337, 0.0, -0.37607120361191604, 0.4109337190845445, -0.0335719154509033, 1.0]}
{"O_T_EE_d": [-0.4242125471514927, 0.5684377703707106, 0.7049270998161568, 0.0, 0.4988517626941743, 0.7963675193871675, -0.3419732342187682, 0.0, -0.7557715486151603, 0.2065847895686042, -0.6213952775993214, 0.0, 0.12392289904555909, -0.4192214465442485, 0.22436179032049436, 1.0]}
{"O_T_EE_d": [-0.06193477316334783, -0.3953390459521793, -0.9164448279186401, 0.0, 0.5961898288136186, 0.7217398468864471, -0.3516379977128703, 0.0, 0.8004509803182158, -0.5681537046979006, 0.19099632442970754, 0.0, 0.31870822576502816, -0.11861880734432265, 0.35749062296795703, 1.0]}
{"O_T_EE_d": [0.13345362611387276, 0.9889389847925516, -0.06472877284899119, 0.0, 0.9906017806351679, -0.1311326296443952, 0.03888888845133787, 0.0, 0.029970683667433672, -0.06931030082190896, -0.9971448442029288, 0.0, -0.025987168437732792, -0.24335988341465406, -0.3262082421980599, 1.0]}
{"O_T_EE_d": [-0.7599025518274385, -0.6369618260943684, 0.12972179394641145, 0.0, -0.3228652948427684, 0.19663769775814843, -0.9257924266305418, 0.0, 0.5641862397402471, -0.7453946927091064, -0.3550783560974358, 0.0, 0.13889430799670344, -0.006892597383860499, 0.34088254890248404, 1.0]}
{"O_T_EE_d": [0.8663799247789093, 0.08706317364867723, -0.49173756185013173, 0.0, 0.48714972386230254, -0.3639814347217211, 0.7938530479369592, 0.0, -0.10986797750470485, -0.927328161425144, -0.35775900903665286, 0.0, -0.13636387939137376, -0.5222718398470506, 0.5244075393137643, 1.0]}
{"O_T_EE_d": [-0.5305350898817208, 0.0341765431957618, 0.8469737199579352, 0.0, -0.4597648271274258, -0.851044977276611, -0.25365084346152095, 0.0, 0.7121438212472836, -0.523979398972365, 0.46722239598704624, 0.0, 0.747936359151276, -0.25239852469069923, -0.02259229195507452, 1.0]}
{"O_T_EE_d": [-0.7978914543295137, -0.30769680701793234, 0.5183549961743424, 0.0, 0.5941719282966894, -0.5464290651193063, 0.5902330018027072, 0.0, 0.10163142590816508, 0.778933855820769, 0.6188158866125391, 0.0, -0.33987951753347456, -0.2623900269191677, 0.1656674814368596, 1.0]}
{"O_T_EE_d": [-0.8816591973756449, -0.21590857956185702, -0.4195956922497123, 0.0, -0.4596792863407729, 0.19201796587422026, 0.867077882598077, 0.0, -0.10663964268587835, 0.9573466383986045, -0.2685431074422132, 0.0, -0.18043768358074042, 0.6722626087757553, 0.5430293080823915, 1.0]}
{"O_T_EE_d": [0.8929624683516681, -0.43682622432279716, 0.10863185471667876, 0.0, 0.3938241270674212, 0.875043766183604, 0.28142665865691946, 0.0, -0.21799217200367543, -0.20852159841873416, 0.9534139478411339, 0.0, -0.17258778437735778, 0.03715103125457758, 0.46337434040198433, 1.0]}
{"O_T_EE_d": [0.7344108556412402, -0.3803067460404224, -0.5621454207164257, 0.0, -0.6193365665481674, -0.714297088740644, -0.3258863089375926, 0.0, -0.2776020757354477, 0.5874916577559088, -0.7601254104518443, 0.0, -0.1493257588162708, 0.2664337283405296, -0.34437974624433343, 1.0]}
{"O_T_EE_d": [0.7781337942317168, 0.3583326875311895, -0.5158541298867609, 0.0, 0.5928248707178625, -0.147640633748575, 0.791682332709698, 0.0, 0.20752462729252627, -0.9218459352370082, -0.3273126956812155, 0.0, 0.22694599897817033, -0.1738155804052458, 0.5081124242164631, 1.0]}
{"O_T_EE_d": [0.3282655121184047, 0.30110430148620737, 0.8953088590984368, 0.0, -0.9382945780473045, 0.2131529061600056, 0.2723400877626621, 0.0, -0.108834913335162, -0.9294633065495629, 0.3524952814113699, 0.0, -0.10480999377596606, -0.6224530284649904, 0.1216725537683848, 1.0]}
{"O_T_EE_d": [0.4664377166849616, -0.7392694025350536, 0.48571247351615804, 0.0, 0.24527504641121234, 0.635666305046219, 0.731962089344021, 0.0, -0.8498682298225397, -0.22228157616939861, 0.47782307691649906, 0.0, -0.5755536161557022, -0.023080280622794384, 0.22638098243850757, 1.0]}
{"O_T_EE_d": [0.29347424566898644, -0.9376546904863353, 0.18621640244080057, 0.0, -0.9478989220674873, -0.3106774056001311, -0.0704782462385896, 0.0, 0.12393748695336237, -0.15583077699397715, -0.9799776876384166, 0.0, -0.03782515390404104, 0.10896875099160976, 0.045722781623338496, 1.0]}
{"O_T_EE_d": [0.2656875188999447, -0.20738664811010213, 0.9414886725215807, 0.0, -0.01918841484149859, 0.9752569806540224, 0.22023992921691168, 0.0, -0.963868220783662, -0.07658067557325657, 0.25513418644329405, 0.0, 0.3737889717258636, 0.24328226072439338, 0.7095947226205057, 1.0]}
{"O_T_EE_d": [-0.19916450544834025, -0.1988013755175695, -0.9595892417393186, 0.0, -0.9799594389743697, 0.04400579054117155, 0.19427554751920026, 0.0, 0.0036052371012961133, 0.9790513283230706, -0.20358167592952608, 0.0, 0.004136177405020954, 0.777433825319985, 0.35306477597579555, 1.0]}
{"O_T_EE_d": [-0.5920011321247716, 0.19702821417661232, 0.7814822725957155, 0.0, 0.7879493651193962, -0.062223304645705316, 0.6125880005084235, 0.0, 0.1693235292891377, 0.9784212503708936, -0.11841198947626796, 0.0, 0.5006067503018778, 0.03364515478577319, 0.012074091506943965, 1.0]}
{"O_T_EE_d": [-0.24225055161820375, 0.785933964844258, 0.5688782586326009, 0.0, 0.3078468463644028, -0.49377851259511674, 0.8132730781741431, 0.0, 0.9200787952258043, 0.37214322968924, -0.12232917547459315, 0.0, 0.07481693798027814, -0.1112567088107224, 0.2530042697958943, 1.0]}
{"O_T_EE_d": [0.8208521244576917, 0.3241176881165314, 0.47026536553661774, 0.0, 0.08024287811908591, 0.7497654931693488, -0.6568202080963166, 0.0, -0.5654757910684236, 0.5768877096129871, 0.5894384617693542, 0.0, -0.29027274399100245, 0.6376333925502959, 0.8075143736561659, 1.0]}
{"O_T_EE_d": [-0.6092570510076404, 0.7710925736247944, 0.18499213144932602, 0.0, -0.7015319856996988, -0.632885294007317, 0.32758064300185674, 0.0, 0.3696738005833137, 0.0698029192080324, 0.9265359321862943, 0.0, 0.06692754487352479, 0.0258934866099623, 0.5665580065762947, 1.0]}
{"O_T_EE_d": [0.2894552536274408, 0.9352582841897403, 0.2037341355834537, 0.0, 0.9044637279571847, -0.3369114326078697, 0.2616028504965207, 0.0, 0.31330659258506827, 0.10854781634181307, -0.943427978496588, 0.0, 0.19587939130819162, 0.05119131309083615, 0.3684979263764229, 1.0]}
{"O_T_EE_d": [-0.5784032064620455, 0.8013412915640913, 0.15264948473158618, 0.0, -0.212319127755258, -0.32856243696150467, 0.9203082706393351, 0.0, 0.787635904935568, 0.49989884922083133, 0.3601816511206776, 0.0, 0.3733136254961119, 0.01390856517551669, 0.07012631970783334, 1.0]}
{"O_T_EE_d": [0.08773227612128909, -0.22254712127365184, 0.9709664394506066, 0.0, 0.34935527576150593, -0.90594134393406, -0.23920947441218054, 0.0, 0.9328740209825654, 0.36019863986939205, -0.0017322852132288494, 0.0, 0.4351455123093845, 0.29718342783894336, -0.15901648860310555, 1.0]}
{"O_T_EE_d": [0.6607314895892302, -0.7471097188175855, -0.07253252176441743, 0.0, -0.18393790125702766, -0.0674690081305892, -0.980619590576812, 0.0, 0.727736729282202, 0.6612677226284247, -0.1820006919312667, 0.0, 0.20396348546827842, 0.1708140936374722, 0.4216224716581953, 1.0]}
{"O_T_EE_d": [0.6157997771163124, -0.7066958933772248, 0.3483841970974945, 0.0, -0.5366237498730376, -0.05242212989019043, 0.8421917070180489, 0.0, -0.5769103791540755, -0.7055726997138864, -0.4115113362263043, 0.0, -0.468753466951938, -0.4453696422445964, -0.24112288402599832, 1.0]}
{"O_T_EE_d": [-0.5765294503826343, 0.6964717112817205, 0.4272481108510716, 0.0, -0.7659593603016565, -0.6427331625347075, 0.014154156435860488, 0.0, 0.28446449902892146, -0.3190944016469815, 0.9040236233803736, 0.0, -0.07257145200699582, -0.08370395391691693, 0.3356810016426543, 1.0]}
{"O_T_EE_d": [0.2612527986627748, -0.5584314091904288, 0.787338133472817, 0.0, -0.553351578457571, -0.7549777221339602, -0.35186740357687474, 0.0, 0.7909165605861228, -0.34374845499435847, -0.5062489445713534, 0.0, 0.3360949799550739, -0.02207967716812117, 0.37375774935469164, 1.0]}
{"O_T_EE_d": [0.8816932060698213, 0.03317048420667692, -0.47065572273989614, 0.0, -0.37164879608110724, -0.5657265948985366, -0.7360914292368649, 0.0, -0.2906789685233228, 0.8239254449293342, -0.486469524694215, 0.0, 0.058594972510440935, -0.29498814414594154, 0.6242227137765959, 1.0]}
{"O_T_EE_d": [0.454200597030036, -0.32954513560772003, 0.8277087780462693, 0.0, 0.314821427936424, 0.9284993073236575, 0.19691750763088467, 0.0, -0.833420233837426, 0.1711404098884246, 0.5254728098899049, 0.0, -0.500546631270727, -0.01806040076252151, 0.19566871448597234, 1.0]}
{"O_T_EE_d": [-0.8206815872571723, 0.540605132665711, 0.185007629227924, 0.0, 0.5690027592420723, 0.8027737733597827, 0.1782978653282323, 0.0, -0.05213053147586609, 0.25159562663366225, -0.9664274666765523, 0.0, -0.22901600601235303, 0.13173485161450604, 0.25717630859690466, 1.0]}
{"O_T_EE_d": [-0.9009450859254003, -0.029329303563118837, -0.4329408090020795, 0.0, -0.15945171803192532, -0.9055376887955042, 0.3931623631371196, 0.0, -0.40357539786704066, 0.423250854840719, 0.8111631229987347, 0.0, -0.2768765045175342, -0.14886772319412708, 1.0529883429616806, 1.0]}
{"O_T_EE_d": [0.15161290671565034, 0.9015243225238389, -0.40529917643040564, 0.0, 0.17498797305883404, -0.42804309153279096, -0.8866556947743648, 0.0, -0.9728271870183277, 0.06350596577475442, -0.22265277116852467, 0.0, 0.09083257036634065, 0.6609114122072579, 0.4688981258506888, 1.0]}
{"O_T_EE_d": [0.6060124892701514, 0.5130625999211548, 0.6078779741121896, 0.0, 0.470291458646645, -0.8474179481714356, 0.2463914873548301, 0.0, 0.64154096266147, 0.13656350053751332, -0.7548348187175355, 0.0, -0.17384282008091737, -0.15761167604869156, 0.7789041899902038, 1.0]}
{"O_T_EE_d": [0.149992937040978, 0.7267604827712641, -0.6703143438118422, 0.0, -0.4590372570136073, -0.5492886036974182, -0.6982598560146247, 0.0, -0.8756637000077395, 0.41243330434170794, 0.25122072756549263, 0.0, 0.3802844782784802, 0.10655055452838877, 0.573185735946609, 1.0]}
{"O_T_EE_d": [-0.22367395658255224, -0.564966618597806, -0.7942182829782175, 0.0, -0.933327121743288, -0.1106396553273282, 0.34155431557431654, 0.0, -0.2808388238208818, 0.8176622692403087, -0.5025514585549348, 0.0, -0.16041549531102564, 0.557780672542027, 0.23122135969646276, 1.0]}
{"O_T_EE_d": [-0.6242619824478259, 0.0646221407320608, 0.7785377037738865, 0.0, -0.5395027118849551, 0.6851020476901377, -0.4894609362549373, 0.0, -0.56500778856498, -0.7255750568879737, -0.39281934229735227, 0.0, 0.08598823083175158, -0.04114319260641314, 0.12429282391800417, 1.0]}
